18
27
23
22
1
1
12
9
5
6
16
1
12
9
17
22
3
22
12
24
19
1
4
9
14
1
1
24
75
7
11
1
30
19
29
40
7
5
19
16
3
3
1
10
6
1
2
86
109
14
21
2
2
91
102
45
75
9
9
27
38
12
9
3
2
17
14
9
7
6
5
285
173
54
38
7
2
286
229
123
57
26
12
116
79
5
1
14
16
1
12
23
2
3
7
2
12
9
1
4
12
8
2
11
13
3
1
1
13
9
7
11
3
9
13
1
1
22
35
3
9
2
39
37
12
36
1
4
16
20
4
5
4
4
5
1
2
62
97
5
14
14
3
4
98
74
38
48
6
9
1
40
48
11
11
5
9
48
24
14
6
6
3
281
156
3
2
63
38
8
6
323
237
130
66
2
28
18
1
92
76
6
12
12
13
7
14
8
2
3
1
7
3
3
21
2
18
19
6
5
1
5
11
5
2
3
27
57
8
12
37
29
18
24
2
5
22
15
1
2
13
2
9
6
2
46
88
11
20
10
9
101
85
22
62
9
13
48
62
9
2
26
21
1
2
1
17
10
34
31
11
9
355
243
3
4
97
59
27
22
395
309
152
103
49
33
2
144
102
6
5
18
11
1
9
7
6
4
9
4
16
2
4
12
9
5
7
1
14
9
4
5
34
8
7
34
39
11
30
3
5
22
30
1
3
1
5
5
3
42
69
9
35
98
82
33
61
7
11
61
65
32
17
5
3
1
33
18
557
306
128
99
1
608
397
256
154
64
38
273
190
1
2
12
9
4
5
6
6
2
2
2
25
26
2
2
3
8
25
7
3
2
6
2
1
74
114
8
15
15
16
34
66
1
8
6
12
5
6
1
2
3
2
3
7
238
289
3
39
50
1
2
67
70
148
164
23
34
35
31
24
24
7
10
2
2
8
14
6
7
8
9
690
533
2
1
145
145
2
5
221
215
296
220
84
54
77
72
1
8
8
3
2
3
3
1
19
31
3
2
5
3
3
15
3
1
2
1
2
1
60
69
4
5
19
8
27
45
7
7
7
8
3
8
2
4
2
2
5
207
245
1
8
39
36
5
2
53
69
105
138
27
25
20
33
36
33
14
3
9
9
2
13
22
2
2
19
14
674
541
5
7
147
120
6
10
242
219
1
282
239
1
2
93
61
61
72
2
1
5
7
10
15
3
3
1
11
2
2
3
1
4
1
35
89
12
10
8
14
22
43
4
6
7
1
9
17
1
8
2
4
171
238
1
32
47
1
64
68
80
110
16
21
37
25
7
8
50
57
2
2
8
6
7
2
24
18
23
27
725
707
9
8
183
189
12
24
261
251
336
283
1
76
90
97
96
1
2
1
4
8
1
4
18
2
1
5
4
5
2
4
2
32
64
3
7
7
3
18
37
2
6
6
12
6
8
2
4
108
180
28
36
29
51
62
121
12
28
38
29
5
46
46
13
12
2
19
16
1
925
879
261
224
346
318
453
446
126
100
160
170
1
1
3
6
2
4
2
1
8
7
5
2
10
11
3
7
9
4
1
31
31
16
22
24
21
8
10
4
4
11
9
3
1
1
1
1
1
2
1
9
13
2
2
11
16
3
2
1
6
6
2
3
1
2
13
32
1
1
19
21
21
14
14
6
10
8
5
13
1
2
2
3
1
7
10
3
5
17
14
5
7
1
5
13
3
1
1
2
1
25
35
3
14
14
1
23
26
16
17
11
14
10
14
3
1
7
5
2
3
7
3
3
16
4
4
4
2
11
8
3
1
3
45
54
22
23
28
47
24
31
6
9
13
16
1
1
1
4
4
2
2
2
1
1
3
2
1
2
1
2
4
3
4
2
5
2
1
1
2
6
5
2
4
4
2
2
2
1
1
7
9
6
6
13
2
3
2
5
9
9
1
4
1
1
1
1
5
5
10
2
9
9
1
1
1
27
42
5
8
14
16
2
4
1
2
4
3
1
3
75
112
11
16
53
71
3
11
10
5
2
3
3
2
1
170
90
30
22
136
108
22
11
5
1
16
17
3
10
4
1
6
4
7
14
9
1
7
9
1
2
20
31
4
7
32
18
1
2
2
1
4
2
5
54
93
7
12
46
63
4
6
1
2
7
14
15
10
178
102
43
25
182
127
18
10
1
13
12
2
3
4
2
1
1
3
10
1
2
1
10
15
1
1
8
14
1
3
8
2
4
3
16
46
4
12
1
29
39
3
2
3
19
8
1
2
14
14
1
137
86
2
18
21
131
102
17
2
1
4
4
8
6
2
4
3
3
1
9
5
7
6
14
2
4
8
21
18
7
9
29
26
7
4
15
8
131
69
26
28
140
111
12
6
1
18
6
2
1
10
20
1
2
56
59
11
3
10
8
5
6
4
1
1
5
6
2
197
213
30
47
25
24
20
24
5
6
4
7
2
1
15
4
2
5
4
353
269
82
57
77
77
39
44
9
12
15
8
10
2
1
1
5
22
2
3
5
4
5
39
38
4
6
14
6
3
4
6
3
4
12
1
139
216
17
42
37
54
12
17
4
3
4
6
30
22
7
4
7
2
377
306
111
78
104
92
58
32
14
4
13
8
1
7
4
2
2
3
12
23
1
1
4
5
4
8
17
1
2
2
66
105
19
13
14
17
5
8
1
4
2
27
42
1
4
5
1
15
6
3
209
203
63
54
66
64
37
23
9
8
11
10
1
6
6
2
1
1
5
19
5
1
1
1
7
6
4
1
33
44
7
11
14
13
9
1
25
16
6
4
6
237
177
83
67
60
74
16
12
7
6
5
3
2
1
2
4
7
5
5
5
2
1
8
14
9
2
5
8
3
3
2
5
10
3
4
1
12
9
10
13
7
1
1
3
6
4
3
1
9
7
2
4
6
5
1
2
1
2
1
5
14
2
5
6
9
1
2
3
1
4
1
3
1
4
15
10
13
1
5
5
3
5
4
1
4
16
1
11
4
4
13
3
5
3
2
10
27
1
4
12
15
8
22
1
5
1
1
4
10
6
30
53
5
13
27
27
49
47
2
8
16
26
1
27
10
2
5
27
19
70
45
18
14
57
47
27
20
5
3
13
12
3
6
3
7
2
4
4
2
3
5
4
3
4
1
8
2
3
13
22
4
13
7
11
19
1
5
4
3
1
3
1
3
3
1
5
30
53
3
9
40
34
15
64
4
6
15
19
14
7
23
12
2
3
3
20
17
22
20
95
58
11
10
72
95
26
20
5
6
25
20
3
4
3
8
2
2
1
1
6
9
2
3
2
14
3
2
2
13
1
13
8
9
30
3
3
7
2
1
3
4
2
28
36
6
12
36
20
23
42
2
13
21
26
6
2
11
8
7
3
7
6
27
15
88
81
20
13
106
93
31
27
6
10
35
46
5
4
2
4
1
5
3
7
2
4
13
1
1
7
8
6
28
3
1
11
1
1
12
23
3
10
8
15
11
44
3
9
11
22
1
1
8
7
82
37
14
9
97
62
29
11
7
24
15
2
1
2
1
2
7
2
1
7
1
10
20
2
3
6
5
12
1
2
2
2
3
6
4
44
90
10
15
11
22
42
85
4
9
4
10
25
13
3
1
1
10
8
94
103
31
28
35
46
31
20
5
4
17
10
2
2
2
10
1
3
2
3
2
1
14
32
2
4
25
1
2
3
5
2
3
80
99
9
7
24
17
40
67
4
12
14
7
8
8
36
24
1
4
20
12
5
7
16
13
136
110
36
29
53
45
38
41
9
12
15
14
2
2
2
2
1
3
4
1
1
18
26
4
4
7
16
1
3
1
6
3
37
71
12
13
11
9
31
47
11
11
11
18
2
4
10
13
4
6
3
3
15
11
129
91
42
33
53
51
71
71
24
11
21
30
1
2
9
1
1
4
3
10
2
3
3
16
32
38
9
11
13
10
21
40
2
14
5
6
5
1
4
4
135
115
29
29
33
60
31
32
9
8
6
10
2
6
1
1
3
1
2
3
2
3
3
4
2
1
1
1
4
1
3
1
3
1
6
4
5
3
4
6
1
2
1
2
2
3
4
3
2
3
1
3
6
8
1
5
4
4
4
2
3
1
2
3
5
8
5
2
1
2
1
1
1
2
1
2
1
1
1
1
2
2
